,V307,V308,V309
V307,1.0,0.3896581805720036,0.31704623136795756
V308,0.3896581805720036,1.0,0.35617457713888195
V309,0.31704623136795756,0.35617457713888195,1.0
